4 0.07578125 0.4979166666666667 0.1515625 0.9958333333333333
4 0.2 0.4979166666666667 0.296875 0.9958333333333333
6 0.83359375 0.259375 0.1828125 0.27708333333333335
6 0.5734375 0.33125 0.3125 0.2916666666666667
6 0.78125 0.5614583333333333 0.365625 0.28958333333333336
6 0.96953125 0.21770833333333334 0.0578125 0.26458333333333334
6 0.51953125 0.6114583333333333 0.1453125 0.23125
6 0.98828125 0.478125 0.0203125 0.15208333333333332
8 0.896875 0.9427083333333334 0.203125 0.08958333333333333
8 0.65234375 0.9552083333333333 0.2796875 0.08541666666666667
0 0.7296875 0.8666666666666667 0.5375 0.2625