2 0.54375 0.023958333333333335 0.15625 0.04791666666666667
6 0.0578125 0.30625 0.115625 0.25
6 0.59296875 0.24166666666666667 0.3078125 0.21666666666666667
6 0.18671875 0.36041666666666666 0.0765625 0.18333333333333332
6 0.83125 0.46458333333333335 0.059375 0.075
6 0.05625 0.09583333333333334 0.1125 0.19166666666666668
6 0.3828125 0.51875 0.05 0.0875
8 0.52421875 0.496875 0.1640625 0.06458333333333334
8 0.61484375 0.4947916666666667 0.0859375 0.04375
8 0.7125 0.484375 0.125 0.052083333333333336
0 0.63671875 0.5697916666666667 0.5765625 0.35625