2 0.7421875 0.16458333333333333 0.228125 0.32916666666666666
6 0.16171875 0.6510416666666666 0.1140625 0.18541666666666667
6 0.1828125 0.303125 0.103125 0.16875
6 0.27265625 0.325 0.0734375 0.15
6 0.17109375 0.46979166666666666 0.1359375 0.12291666666666666
6 0.3375 0.34375 0.05625 0.12916666666666668
6 0.2375 0.8197916666666667 0.08125 0.15625
6 0.37734375 0.6104166666666667 0.0484375 0.07916666666666666
6 0.32109375 0.6239583333333333 0.0703125 0.14375
6 0.58359375 0.6645833333333333 0.0515625 0.0875
6 0.3296875 0.4791666666666667 0.08125 0.09583333333333334
8 0.87421875 0.7729166666666667 0.1421875 0.1
0 0.71796875 0.796875 0.5578125 0.40208333333333335