2 0.57109375 0.06979166666666667 0.1265625 0.11041666666666666
9 0.46875 0.89375 0.740625 0.20833333333333334
4 0.88671875 0.25416666666666665 0.1328125 0.5083333333333333
1 0.203125 0.828125 0.15 0.21458333333333332
6 0.4625 0.34791666666666665 0.08125 0.08333333333333333
6 0.60546875 0.20729166666666668 0.0578125 0.06458333333333334
6 0.609375 0.3927083333333333 0.075 0.06458333333333334
6 0.4765625 0.24375 0.059375 0.10416666666666667
6 0.6046875 0.2989583333333333 0.0625 0.09375
6 0.5375 0.34270833333333334 0.053125 0.06875
6 0.5390625 0.26145833333333335 0.053125 0.06875