2 0.521875 0.3375 0.215625 0.3625
3 0.74296875 0.8739583333333333 0.5109375 0.24791666666666667
4 0.38828125 0.6 0.6453125 0.625
6 0.92265625 0.4708333333333333 0.0546875 0.12916666666666668
6 0.7859375 0.6520833333333333 0.059375 0.125
6 0.85625 0.525 0.078125 0.225
6 0.91640625 0.6604166666666667 0.0578125 0.2125
6 0.84921875 0.6927083333333334 0.0734375 0.10208333333333333
6 0.790625 0.4666666666666667 0.05625 0.08333333333333333
6 0.8 0.5520833333333334 0.034375 0.06666666666666667
6 0.77421875 0.5489583333333333 0.0265625 0.06041666666666667
6 0.97421875 0.596875 0.0484375 0.39375