2 0.88359375 0.43125 0.1265625 0.6333333333333333
4 0.74765625 0.6635416666666667 0.0546875 0.49375
6 0.35703125 0.5885416666666666 0.0796875 0.09791666666666667
6 0.2171875 0.8552083333333333 0.165625 0.25625
6 0.4359375 0.75 0.071875 0.18333333333333332
6 0.503125 0.7333333333333333 0.046875 0.1125
6 0.5140625 0.609375 0.06875 0.12291666666666666
6 0.4421875 0.6010416666666667 0.04375 0.10208333333333333
6 0.35625 0.7291666666666666 0.084375 0.15416666666666667
6 0.35859375 0.85 0.0671875 0.1125
6 0.2421875 0.6583333333333333 0.109375 0.125