2 0.3578125 0.32395833333333335 0.196875 0.32708333333333334
3 0.63828125 0.81875 0.5421875 0.35833333333333334
4 0.2671875 0.6041666666666666 0.534375 0.6125
6 0.590625 0.3854166666666667 0.05 0.07916666666666666
6 0.9 0.8375 0.046875 0.1
6 0.6953125 0.37395833333333334 0.04375 0.11041666666666666
6 0.6484375 0.4239583333333333 0.06875 0.18958333333333333
6 0.60234375 0.546875 0.0515625 0.09791666666666667
6 0.78671875 0.46041666666666664 0.1296875 0.35
6 0.65703125 0.5708333333333333 0.0609375 0.075
6 0.7046875 0.5302083333333333 0.05 0.16875
6 0.86796875 0.8291666666666667 0.0234375 0.0625