4 0.0640625 0.284375 0.128125 0.56875
6 0.87890625 0.28020833333333334 0.1578125 0.24791666666666667
6 0.73359375 0.2791666666666667 0.1234375 0.2125
6 0.97578125 0.3458333333333333 0.0453125 0.3625
6 0.88125 0.06354166666666666 0.1875 0.12708333333333333
8 0.6796875 0.7697916666666667 0.2375 0.23958333333333334
8 0.04609375 0.6177083333333333 0.0921875 0.09375
8 0.596875 0.871875 0.265625 0.2520833333333333
8 0.88984375 0.8864583333333333 0.2171875 0.22291666666666668
8 0.0859375 0.5802083333333333 0.15625 0.17708333333333334
8 0.82734375 0.9229166666666667 0.2671875 0.15
0 0.66875 0.8052083333333333 0.659375 0.3854166666666667