4 0.36953125 0.40208333333333335 0.1734375 0.8041666666666667
6 0.8359375 0.2604166666666667 0.140625 0.3
6 0.9578125 0.17916666666666667 0.08125 0.24166666666666667
6 0.69453125 0.16770833333333332 0.1578125 0.33541666666666664
6 0.84375 0.057291666666666664 0.13125 0.11458333333333333
6 0.9625 0.022916666666666665 0.071875 0.04583333333333333
8 0.53359375 0.8104166666666667 0.2703125 0.32083333333333336
8 0.60234375 0.6520833333333333 0.2203125 0.10833333333333334
8 0.8453125 0.7114583333333333 0.30625 0.15625
8 0.51796875 0.70625 0.2765625 0.1875
0 0.49921875 0.7114583333333333 0.9984375 0.5729166666666666